$ANSIBLE_VAULT;1.1;AES256
39343639653061353463653532646333333064326134373164303539336137346664346639643562
3937306239313164376233396336313533663565383366310a396262633430633964366435393535
35333536306331316230353632663931316165366430333130373533313135363366633265373134
6333653061616136380a393562393164353435363736306466643066393164633630343961383039
35646432323137326163623939363933343933316162396235633632393730373165613766306630
63306264333064306363366237316237636434386462663830613066633663333266396632663739
36633662643363633664653632393365333766323362663666643364373131333961393437623530
34353431393434336162316537343362376432666531356438363738616236386635326532613335
61356631336531306462656535316663666338353664666233306231643065343639653739636539
61366237393037353265373034396637363737663564663264653934636331616530633766333333
35306331313338323766323864313035306532353030393039396439623431383634643430346261
33643863363361393261346463313262633739656234633363303337373933313336303831636163
36666262373062306363373336333662653166336138306539393939333333666131656561313736
35356562396432396334306366653730663637633161303537303130393337646638623733363237
33666438333662303966343533623061643331653466336638636433663963323038656532666134
30326530353537643061623837346234646365323433346636376239626334313333343761393662
38653433613839346233613133326564646161666563393139326363663939396238373663373361
65626137386131653031383134396532393762326232656264383963333438303930343138613835
36356137303365306432396333663035633135376230393339373633373638393333326537633238
36316432636263623137323865646239333265326637343135303134653964396233643734383032
38666233666266383933393963353838386134383566363731353662633233333439373962313865
61636239373666303930373566653463633863613539616638303663366238653532666663633433
61363737303134623164623130643037313065343166326335653431356134356336363139343637
36663738333262613239646433363932386430383631623030626362633432303764303065373833
30333133353763353461333631373965313431356535323263663536646338666136393639313963
62376662666136616434636531316263666435316233333532643761313763313366376337376561
35383734323665393930303339366264393831623039323132343538623963663366613363616565
30336139303433373737656663313338366330663939326430366531386666666235393539376637
33646164306662303532643261323963616532663531333863343365376434646231303761323162
63646438373733333662663237363938313231333338393662656236363263303637613664643662
65653532303333306261346266643037636266306132613461656164356163333463373161663666
63643934373963333036366462396531343634623332363139633932663837633330313066363861
66353666323062343831323162316561633734316361313662316536303736343366663433373537
65316438366230613762653233316433663137633739656432336666333936366363366235353937
34663733303063383063343264646165643435646461373731636261343131323763663561323865
37353439393137653166333133363665666633666331613334653636663738346238316463333663
35626261633765323631333534316561636233303066343637303362346634323039386233393136
30353364316135666437393532646231383739383361356239393932636166303163323163396337
66656331616264626662323532326232323038373338613738653466303132383339303530393337
38373662386634383737376362653633343865623066623134313936363035666639306362303831
61333833313235353439343037306130323835363363303139346530636336396439356161366337
39346633343530323064323235336138623936623736643734643664616634373434626665633832
35663239623762323439343138373862636363393262623362376364656437393134316562343937
36313137343166643834316132386133303732626231623762376662353736366632393837336265
36633939656637356339313530366234356163303332636466323537346635663333306464363939
31656235396631343861653465363864313065333265343037663237316131363332363339336532
35636636623635373434663864326564656436363938666537303066343130633938306130653562
37313833306434666432633538623639353464633536633137613039633362366130313639383135
62346236353363323133653830633038323032336564353434313264393563346336373764343639
31616163346430363335376163663731376131373830316431313164613362623636386265313032
33383539366162666230376637623563396137353366373463376566613132343433346439303334
32306164616637666165633064633665626336356539616337376234383065633631366437643330
32316236316339356366336236636538376231663838333234356539663736353961376436623066
61646566356133343839356536356464353131613331336465356265366264613733323663353462
30396632613739616135373934326637316635393661663038316463303661656165373935663566
32383263383861666662646232643434316565383636363033633431326561323835643862313766
65303430633130353834643661636435623562383066323064363935383039393935393966646366
37333863643265343863653135353462333964363832633436376564333035666364343834343938
63623134616235613438666238373436323635313230653434396433383030613530653861313030
39363365383565333436323330316366373462323439396666376164313662626536653532363937
33363064613039306431613935626463336533643236623662323934386564303263353539393732
33393033343831306463663864643635653039393635663835346335333961653936303636653234
31363332353136383839653361383037316566313130393263656164363166333036393530393234
65353030343432633838343265613761313366626463646232336535393963333265396230643733
30626165643661363537646264653731353038373433393030383833396538623034343533643761
38373161356565636430663434353863333464626531386232353761346638353433393666383461
64643164353433656462613838326463666532356231383634343932373363633233633831363733
32313664653365386262343538666637333336313235383035306533656439333030313734663266
62353062323263333263313261383636306635396564626133643862346634663931373163663837
32666137376630333066643763393937386564376265313834636435336466643365616661306565
62323939376635343264623730343835346239653738633231393132366539383761366566386231
61326538396262653332626364386133666665623339663064386163613532616263393365613331
37343065306462333862356630323034323830353836373362383531323033356633363930613639
64656263623132323035666566326536333835656630626339643463656238323435373632643633
32613239353865666139633761663135323936633030343237623739333331333062643261343030
33323939666566383134343965313666643234326330373565653463636363393662306666303437
38333630346634383862343335313736626237316362623435343735346666376463373364373130
30643533386262363432623965623738343165306230333338656463383333376465326335663461
36646635656339373065393735363966666662623330626438383063636137323065623133343735
36303063383163613361663936373862656539323930653834656634323466616139643861346636
63653535376361336235383235336133393365353537333534333862396261336635303462356239
30623763393433623133386362643833353661666535616362356161316566373166376136653237
62383764323462623831343338366235653661643536333761376662303232343563303132343931
30346361343837643262326333323234653932653165383131353763393961366230313864626637
64353332663330316430666664353735373937306339366134323964636563306235343864386337
65633437366462363031396332666430316265623738656534333862643362643937346365373737
65636331313463316163663963343439653663393733616337373234313861336165343139393463
38356237313436323734336538646161376662373337663732386561616335373536346630363138
30616361353637343539653463383062656563623933636166613533656562376438646538323736
65633266636334656334636430356435646465366265376139306263663537323735316534333138
37653836643937353863613466356534363766393766393461613337663636343333663637353133
35303561646635396465633338323162313664366164626334336335336238323862393763356333
32653962643366323062663133653465613036626234356435383465383534333232626463353239
36663930396662643333656430356163663535656330383963343966396235626236333430396532
64616635323764346231623364383334663936393166353030653466383035373130383939386265
62393261366664323537373236646432323863636135616466316665613664323739363264303437
32663031336435663735393366363630373937623763303634346639303934613233646137643936
32313033383130346662656237323731653730653730313865376661333832663736653636366238
32623133393435373535373138616562356538633363313130326361633033326135626132366661
65316266656664646538663132376435303331613933313431303232646561333063393062613964
36366335326439323732643634373232663764636339363362343432316232323530363662373830
39626432303365316339363739643833636333646161613862383736616265333730326533656534
39306639356132373764383865653266613336383862303834343464346264326662363436613562
66336132306633356338313934383265653563323434303934376434376361373232666137343438
64353864343663313165383532343136343032666530663064663330343663323835303163666161
35623564326238633062663135643030383539366662353534643631636438623663343036626632
61623466393032336332663363326331346438663831636137646562333530373135663063363438
62343866303536663062383532383035343862643834363435313733666161616632336332333731
61653131333266366266616464616330646539626435666333393731343763363733383235316639
37613137663330303831666232323136326639333665373431613835613561386266343332383134
31373162343833633034613033323165336532363837653964643738613761633634623836393431
66616433333437636535626165346630653132646635333631386636326565333738616432393864
33336438306234313335323838646264656233373434636231616435636536373335346233613531
33386530646562666135656462373636343634663666383038653862666433613438363462663232
66343435303562306233663335616436666130363031633137383464326366346630633939343361
33346537633833303439616236353565383632343336333538663665333439366363613063313931
30613630666663616433343964333433353839336336373763326137653432393033666432393262
66376232666533353362333531643066393366363436643534326534333266303037656237663634
31393438623331333962313939303536643361373630396266343266383162326633343763656462
66646464306166663635643131306266653935316362373633346266336334393539333334326536
35396361636462616634326364343430643763353864633761613163346561393734376434636239
31393232316336353862323135353664616338636663313430643935376163333966356266626466
34376439616233326464626662653731343834373537373962306161623430303336656234636435
64373665376535653031613036303339643133363837353364303938633161393730336238353636
32353133353165623365653763633039643963333332323539306663363933383465366165306565
61313731636138663430633130383231306564633636653061306532616438653131306539663064
64666336346334333830343534353364346433663461653963633461336363653361633964633631
63336562656364363937656338663133646566363231343938383765363031656431656635633330
65326630653263656535653563656334663737363564663731643035323732636232366133383566
39633638373963396365366264626231616239653362383132663362356363653539316262343238
61393439343664313839366232616439613234646466366134356561323064346334636364663139
36633462333535653162386461663366323739363565636634313963613663343965326433666133
37356565353835343838656132333262343766303235396665366133613562643537396338353466
3661336261353638663363613365643166343232653438303830
